i = 0
0.00151857	0.000235434	0.000297493	0.000152937	0.000210471	0.00023224	0.000216661	0.000197316	0.000136416	0.000311887	0.000424989	0	0.000424989	0	0	0	

i = 1
0.000172652	0.00137203	0.000131119	0.000127792	0.000229978	0.000226267	0.000129976	0.000243506	0.000210438	9.16422e-05	7.28438e-05	0.000129132	0.000218531	0	0	0	

i = 2
0.000229494	0.00020979	0.00161893	0.000202289	0.00014652	0.000245065	0.000140774	0.000285714	3.79867e-05	0.000198511	0.000236686	0.00013986	0	0.000615385	0	0	

i = 3
0.000210289	0.000196603	0.000234229	0.00171214	4.94315e-05	0.000107175	0.000135694	0.000222442	0.00029903	0.000167429	0.000443616	0.000471846	0	0.000346021	0	0	

i = 4
0.000184162	0.000135281	0.000161172	0.000181249	0.00219955	0.000273915	0.000248988	0.000306122	0	0.000230415	0.0001221	0	0.0003663	0.00047619	0	0	

i = 5
0.000244463	0.000213697	0.000217835	0.000199038	0.000147493	0.0023886	0.000231361	0.000221239	0.000327761	0.000214102	0.000226912	0.000804505	0	0.000442478	0	0	

i = 6
0.000180551	0.000129976	0.000201106	0.000203542	0.000217865	0.000144601	0.0029903	0.000186741	8.06907e-05	0.000421674	0	0.000594177	0	0	0.00163399	0	

i = 7
0.000276243	0.000263799	0.000241758	0.000296589	0.000204082	0.00028445	0.000280112	0.00428571	0.000176367	0.000345622	0.00018315	0	0.000549451	0.000714286	0	0	

i = 8
0.000204625	0.000105219	0.000189934	8.54372e-05	5.87889e-05	5.46269e-05	0	0	0.00502972	0	0	0	0	0	0	0	

i = 9
0.000400998	0.000320748	9.92556e-05	0.000223239	0	0.000356837	0	0	0.000199124	0.0104058	0	0	0	0.0016129	0	0	

i = 10
0.000141663	0.000218531	0	0.00026617	0.0001221	0.000226912	0.000502765	0.000732601	0	0.00082713	0.0157791	0.0011655	0	0	0	0	

i = 11
0.000627825	0.000516529	0.00013986	0.000629129	0.00021645	0.000603379	0.000297089	0	0	0	0	0.0247934	0	0	0	0	

i = 12
0.000212495	0	0.000236686	0	0	0	0	0	0	0	0	0	0.035503	0	0	0	

i = 13
0.000552486	0	0.000307692	0.000346021	0	0.00132743	0	0	0	0	0	0	0	0.09	0	0	

i = 14
0	0	0	0	0	0.00110619	0	0	0	0	0	0	0	0	0.1875	0	

i = 15
0	0	0	0	0	0	0	0	0	0	0	0	0	0	0	0	

